0, 0.056831 ,0.137472,  88, 1, 0, 1, 2, 0.137472
1, 0.084876 ,0.150148,  89, 1, 15, 14, 25, 0.150148
2, 0.107910 ,0.152965,  86, 0, 13, 13, 97, 0.152965
3, 0.136838 ,0.155666,  89, 1, 13, 13, 37, 0.155666
4, 0.138990 ,0.165293,  89, 1, 13, 25, 93, 0.165293
5, 0.137242 ,0.166440,  83, 1, 17, 29, 90, 0.166440
6, 0.115466 ,0.166440,  83, 1, 17, 29, 90, 0.166440
7, 0.136074 ,0.169724,  83, 1, 17, 29, 96, 0.169724
8, 0.115986 ,0.169724,  83, 1, 17, 29, 96, 0.169724
9, 0.138826 ,0.169724,  83, 1, 17, 29, 96, 0.169724
10, 0.105159 ,0.169724,  83, 1, 17, 29, 96, 0.169724
