0, 0.045355 ,0.151941,  27, 27, 12, 12, 12, 0.151941
1, 0.071444 ,0.153039,  20, 14, 12, 12, 12, 0.153039
2, 0.096597 ,0.153039,  20, 14, 12, 12, 12, 0.153039
3, 0.090162 ,0.157836,  58, 14, 12, 12, 70, 0.157836
4, 0.106590 ,0.157836,  58, 14, 12, 12, 70, 0.157836
5, 0.093673 ,0.160941,  18, 25, 16, 4, 95, 0.160941
6, 0.095478 ,0.160941,  18, 25, 16, 4, 95, 0.160941
7, 0.112367 ,0.166114,  16, 31, 8, 5, 24, 0.166114
8, 0.114389 ,0.166114,  16, 31, 8, 5, 24, 0.166114
9, 0.111218 ,0.166114,  16, 31, 8, 5, 24, 0.166114
10, 0.113236 ,0.169747,  24, 22, 8, 5, 64, 0.169747
